lastAccountName: SENSUAL_TOFU
timestamps:
  login: 1622491756008
  logout: 1622503460642
ipAddress: 185.176.246.88
lastlocation:
  world: tntrun
  x: 0.0
  y: 1.0
  z: 0.0
  yaw: 3.7977366
  pitch: -1.8229138
afk: false
logoutlocation:
  world: void
  x: -46.54653430092151
  y: 49.0
  z: 92.84570945924264
  yaw: 43.69812
  pitch: 22.730818
