lastAccountName: Engingener
timestamps:
  login: 1622491708991
  logout: 1622503117936
  lastteleport: 1622068345684
ipAddress: 90.191.148.70
lastlocation:
  world: void
  x: -57.660360955714985
  y: 53.60614356682737
  z: 115.55102792635039
  yaw: -89.75364
  pitch: 1.5002255
afk: false
logoutlocation:
  world: void
  x: 1.808938768920488
  y: 43.0
  z: 0.5762167278673905
  yaw: 269.78857
  pitch: 8.451663
