lastAccountName: Galaxy991
timestamps:
  login: 1622465594560
  logout: 1622467555993
ipAddress: 85.253.211.176
lastlocation:
  world: tntrun
  x: -24.616448012118013
  y: 72.0625
  z: 111.58448914590537
  yaw: -156.45862
  pitch: 16.67131
logoutlocation:
  world: tntrun
  x: -32.69999998807907
  y: 72.0625
  z: 110.58752505528416
  yaw: -183.56659
  pitch: 58.715702
