lastAccountName: martinmatu23
timestamps:
  login: 1621955850479
  logout: 1621979450573
ipAddress: 90.191.148.70
logoutlocation:
  world: skywars
  x: -50.37436985478888
  y: 51.0625
  z: 6.528340189702445
  yaw: -180.27611
  pitch: 14.2519245
lastlocation:
  world: skywars
  x: -55.69999998807907
  y: 52.200000047683716
  z: 0.6999999880790709
  yaw: -134.02103
  pitch: 29.100224
afk: false
