jails: 
  erzelius: 
    world: void
    x: -53.05914765659047
    y: 55.0
    z: 14.600230339636763
    yaw: 247.55035
    pitch: 33.150352
